.Random.seed <-
c(403L, 30L, 1471947985L, 1649892992L, -181295266L, -802618199L, 
1401976667L, -617362070L, 1902297100L, 1973925967L, -503205627L, 
7866812L, -1484235630L, 1140795277L, 145825735L, 860783790L, 
2041160968L, 801051403L, -895615511L, -1837380936L, 528698726L, 
427378177L, -1088474989L, 64146242L, -773421836L, 1025208567L, 
-1969706771L, 95685508L, -1931737686L, -976676075L, -481343057L, 
1518881206L, -1146114080L, 1006419747L, -1068044223L, -839865552L, 
-81403570L, 195924921L, -1078508085L, 275871354L, 1082145660L, 
793416639L, 1914420373L, -1472871764L, -579772286L, -1531744163L, 
183879511L, 1585707582L, -876835208L, 1333308763L, -1407181639L, 
-688556792L, -452986954L, 696294641L, 1258273571L, -661897870L, 
956733380L, -1298500729L, 824713565L, 1443749716L, -1177901702L, 
334422213L, -1341087201L, 40641958L, 685279024L, 1714982355L, 
-604439567L, 1948532000L, 692788158L, 910201801L, 1165648763L, 
711131466L, -1964339796L, 349747375L, -1081376155L, -1875658212L, 
1029387378L, 932309741L, -1978599641L, 1231041358L, 496679848L, 
-221593685L, -1009169207L, -1828430632L, -72605306L, -931923871L, 
-48006669L, 1975953506L, 924606164L, -894695465L, -74983987L, 
-1039453852L, -1075481270L, 99939509L, 960533519L, -1893536490L, 
183637952L, 1629963139L, -1637469791L, -1469768304L, 1794420334L, 
756095001L, 1460323499L, 1215387802L, -2045015972L, 1069434207L, 
-1597501643L, 1424212684L, 1696563234L, -1550955907L, -1227038857L, 
1723338910L, 1773735768L, -1808934213L, -883317671L, 2031992808L, 
-77501930L, 1838804369L, -1315473853L, 1211516242L, -1261966876L, 
1302284327L, 503387261L, -51897996L, 1033295194L, 957490085L, 
-438217793L, -1450631098L, 1394814672L, 1071257843L, -1187598831L, 
1006762048L, -1466078178L, -1260107031L, -1233686501L, 2056108074L, 
2010196812L, 319162639L, -1671726011L, 642416124L, 709848146L, 
1104768461L, -121966713L, -362952082L, 1009494600L, 570702923L, 
1707548073L, -64679688L, -1444834266L, 1068193089L, 133472979L, 
-1323406718L, -503541580L, 1168670775L, 1318064941L, 1848264772L, 
-95636118L, 443916757L, 2123700079L, -1239789962L, 887275936L, 
-1183152541L, -1299898623L, -1793347984L, -8058354L, 1318257273L, 
-297202165L, 1402085178L, 1406936636L, -1595978369L, 1279368917L, 
1469820652L, 666443842L, 1196640157L, -676899305L, 1690364798L, 
-1031608008L, -181664229L, -552122503L, 1931919816L, 1970445814L, 
1863827505L, 1350527587L, -1529727438L, 434013060L, 1326916039L, 
245975197L, -747618284L, -1556883782L, -1381153019L, -1276697377L, 
-92994202L, 1682551024L, 1403859987L, 746142129L, -306981792L, 
1041752574L, -755931767L, 1642144443L, -2109714806L, 1401268588L, 
40390383L, 911120677L, 969545692L, 1977595314L, 56632493L, -517749657L, 
910080910L, -441017240L, 670701675L, 971244041L, -1508193128L, 
313409478L, 1469518625L, 1396326323L, 1839453986L, -1669240556L, 
-1913607785L, -227575411L, -132325212L, 1134467722L, 1193627893L, 
495286095L, 927330390L, 1517558528L, 929099331L, -464120351L, 
-760037040L, 107976622L, 887832226L, -1462441144L, -811769332L, 
1318099164L, 1197447762L, 615004288L, 314925908L, -1622258200L, 
-1553625350L, -1376351408L, -172094420L, -1298015884L, 1971984018L, 
-1152188832L, 2085852812L, -2016716960L, -458464542L, 1789497512L, 
2055822540L, -34721284L, -1037137998L, -454612496L, -1755408956L, 
-1352207528L, -645935238L, -2070207056L, -1251230276L, 407645268L, 
-6787134L, -1473595616L, -804502596L, -1823146416L, -612025886L, 
125871464L, -859761332L, -1005036292L, -1419525390L, -918623488L, 
58084980L, -753452024L, 623987130L, 3525584L, -226748948L, 1871732628L, 
703385298L, -1383716256L, -257764020L, -346771168L, -1813576062L, 
117294568L, -776135700L, -2005272004L, 1030121074L, 843111280L, 
2055657764L, 187845176L, 566249882L, -1892651568L, -1540903492L, 
-1007795052L, -922578814L, -911927872L, 837781308L, -2094557040L, 
-334632158L, -1128226296L, 566386956L, -1555273316L, 616126994L, 
-540803200L, -700869868L, -511248088L, -1565343686L, 1487729616L, 
2050016876L, -1337773516L, -31140206L, -2059227808L, 1535238476L, 
1235964896L, -948018782L, 1855201704L, -439206260L, 552015292L, 
-86941070L, -284652560L, 1506818628L, 754147416L, -1122970566L, 
687774832L, -1508195268L, -1547281132L, 1460716226L, 1470150368L, 
2141912188L, -1614372144L, -18824798L, 1730999336L, 1471346444L, 
-916970052L, 2015545138L, -1616163136L, -1313724364L, -1227600184L, 
-49076038L, -52133232L, 1818380012L, 957895252L, -347828590L, 
-1095264992L, 1281637836L, 1298296544L, -742097726L, -1290511320L, 
-1492728916L, -1731590468L, -179238926L, -1990266320L, -1714439260L, 
-1702828616L, 205399898L, 1622890640L, 445474684L, -884669164L, 
-914570942L, 1025711360L, 718700988L, -171745968L, -580663006L, 
-253922744L, -1805976564L, 1943908956L, -2131126830L, -1268302336L, 
1681183060L, -587545368L, -720905990L, -1492233520L, 1394712364L, 
-882524940L, -353667694L, 420809056L, 862210060L, -2001393440L, 
1487930978L, 95957160L, -1454761908L, -313968772L, 223771954L, 
1102737008L, -1185118396L, -302355496L, 968683386L, -1022393296L, 
-1373519940L, -322332076L, 1418784834L, 1974900384L, 572230332L, 
973055952L, -894867102L, 2014563048L, -1136913204L, -1760245252L, 
-1714761230L, -1939320704L, 891817460L, 979356296L, 977807162L, 
-256304816L, 1456625772L, -569612908L, -590566318L, -1497779744L, 
-1344438068L, 999918240L, -2048282238L, -308284184L, 1200052972L, 
-417746628L, 1819020402L, 1187440L, 1478571556L, -578682824L, 
1342510362L, 1681207504L, -1540592324L, 2026966932L, -781027454L, 
2035404736L, 1443237436L, -537026160L, 446768162L, 1989689608L, 
449897612L, 1608643356L, 1450430610L, 1919418752L, 1338350612L, 
-1929832664L, 375455290L, -1488551472L, 1413538156L, -1028870220L, 
-422529518L, -2113825824L, -985573940L, -1145084704L, 1189439522L, 
262360872L, 1650222604L, -1795912900L, 1386101746L, -1671114000L, 
-216907196L, 698656344L, -362401990L, 1854729200L, 2042715836L, 
-2114896620L, 97689794L, -1516534688L, 1032917372L, -268046384L, 
-2056107742L, 875388584L, 1324536716L, -1956329657L, -1432553711L, 
1327360662L, 1537642484L, -856508027L, 1321112783L, -1929695800L, 
-1887910810L, 811295379L, -519927307L, 1788593106L, -207300576L, 
-1707511L, -1508340933L, -726942068L, -1987701990L, 426825103L, 
591997657L, -278928018L, -534230788L, 2117456493L, -1133982185L, 
1874611168L, -1874864194L, 643777931L, -1748871667L, 1365002810L, 
300483192L, 1817897505L, -168327981L, 280757236L, -1095555966L, 
555052311L, 783285217L, 1418530086L, -1386640348L, 1078740693L, 
-1791991169L, -1537182952L, -901109194L, -472904509L, 1699504389L, 
1905997986L, 904089232L, -1478383047L, -1574948117L, 1717687260L, 
-538561014L, 1239295L, 1336429897L, 314195678L, -1216584564L, 
-1152265123L, 1238157927L, -1097813104L, 906336174L, -2124679589L, 
-1365882307L, 925703338L, -594383544L, 2120454513L, -261376285L, 
-2096931356L, -361410286L, 537767143L, -15459663L, -1346862858L, 
-2038232300L, -869587931L, -1147010769L, 1411905256L, -826801210L, 
950105715L, 2050791637L, -1927183694L, -2140222848L, 1141451369L, 
-794624293L, -31991252L, 1785033274L, 1540750575L, 337268601L, 
1918555150L, 458983900L, 629393997L, -1388226121L, -406227136L, 
1574211102L, 1983985899L, 1068984429L, 615022810L, -996958056L, 
-1789896959L, 1885609139L, -640165932L, -95636766L, 1165751159L, 
1223220929L, -275286458L, -2028803708L, -1420421323L, -923384545L, 
1380011128L, -1394837162L, 522065891L, -408895067L, -450726846L, 
37349936L, 2056094297L, -344804405L, -1918266308L, 1009678954L, 
1632483487L, -318557911L, 138552766L, -1432521556L, 1589154301L, 
-1655973561L, 1398329904L, -1261063346L, -1820215429L, 787185885L, 
-1450981110L, -1638159320L, 823517329L, 2108183683L, -1206471292L, 
-1761938510L, 362806535L, -531314863L, 2093156054L, 1878900660L, 
1840697285L, -617836785L, -711594616L, -1424095066L, 552269907L, 
-877698635L, -1438750958L, -1587548960L, 624222537L, 1110809467L, 
-1728600500L, -1066567718L, -252934705L, 2143597465L, 466428846L, 
